395117543406436353
361185720477679616
143343954816008192
138957703853768705
178541008974249984
305361927415136258
286216833944518657
300120323133800448
410131405708853259
391901940457537538
208972600213372930
161187807073665024
244736255605080064
156473242079461378
412671290592329730
494527871503564830
187967143126630400
168752220026699777
982193341754122250
494841573306269696
882667939164201013
304470215733936148
395291663834021890
140755487619678208
377186284134858752
241663509824405504
953682277223768135
674872041010364417